[wallpaper_final.jpg]
filters=Soften=1,100.000000,47.953217;finetune2=1,0.000000,0.000000,0.000000,00000000,0.847953;glow2=1,0.847953,9.280895;unsharp2=1,1.105263;Pixelate=1,2.000000,4.736842,31.578945;autolight=1;autocolor=1;finetune2=1,0.000000,0.000000,0.000000,00000000,0.309942;Soften=1,100.000000,32.748539;
moddate=84bc88d8a493d401
width=1600
height=1200
textactive=0
